1.0 0.0 0.0
0.0 1.0 0.0
0.0 0.0 1.0
0.05555555555555558 0.9444444444444444 0.0
0.11111111111111116 0.8888888888888888 0.0
0.16666666666666663 0.8333333333333334 0.0
0.2222222222222222 0.7777777777777778 0.0
0.2777777777777778 0.7222222222222222 0.0
0.33333333333333337 0.6666666666666667 0.0
0.38888888888888884 0.6111111111111112 0.0
0.4444444444444444 0.5555555555555556 0.0
0.5 0.5 0.0
0.5555555555555556 0.4444444444444444 0.0
0.6111111111111112 0.38888888888888884 0.0
0.6666666666666666 0.3333333333333335 0.0
0.7222222222222222 0.2777777777777778 0.0
0.7777777777777778 0.2222222222222222 0.0
0.8333333333333334 0.16666666666666652 0.0
0.8888888888888888 0.11111111111111116 0.0
0.9444444444444444 0.05555555555555558 0.0
0.0 0.05555555555555547 0.9444444444444445
0.0 0.11111111111111116 0.8888888888888888
0.0 0.16666666666666663 0.8333333333333334
0.0 0.2222222222222222 0.7777777777777778
0.0 0.2777777777777778 0.7222222222222223
0.0 0.33333333333333337 0.6666666666666667
0.0 0.38888888888888884 0.6111111111111112
0.0 0.4444444444444444 0.5555555555555556
0.0 0.5 0.5
0.0 0.5555555555555556 0.4444444444444444
0.0 0.6111111111111112 0.38888888888888884
0.0 0.6666666666666666 0.33333333333333337
0.0 0.7222222222222222 0.2777777777777778
0.0 0.7777777777777778 0.2222222222222222
0.0 0.8333333333333334 0.16666666666666652
0.0 0.8888888888888888 0.11111111111111116
0.0 0.9444444444444444 0.05555555555555547
0.9444444444444444 0.0 0.05555555555555558
0.8888888888888888 0.0 0.11111111111111116
0.8333333333333334 0.0 0.16666666666666663
0.7777777777777778 0.0 0.2222222222222222
0.7222222222222223 0.0 0.2777777777777778
0.6666666666666667 0.0 0.33333333333333326
0.6111111111111112 0.0 0.38888888888888884
0.5555555555555556 0.0 0.4444444444444444
0.5 0.0 0.5
0.4444444444444444 0.0 0.5555555555555556
0.38888888888888884 0.0 0.6111111111111112
0.33333333333333337 0.0 0.6666666666666666
0.2777777777777778 0.0 0.7222222222222223
0.2222222222222222 0.0 0.7777777777777778
0.16666666666666663 0.0 0.8333333333333334
0.11111111111111116 0.0 0.8888888888888888
0.05555555555555547 0.0 0.9444444444444444
0.33333333333333337 0.3333333333333332 0.33333333333333337
0.4000000000000001 0.29999999999999993 0.30000000000000004
0.2666666666666668 0.36666666666666664 0.36666666666666675
0.46666666666666673 0.2666666666666666 0.26666666666666666
0.4 0.39999999999999997 0.19999999999999998
0.2666666666666667 0.4666666666666666 0.26666666666666666
0.20000000000000004 0.39999999999999986 0.4
0.2666666666666668 0.2666666666666666 0.46666666666666673
0.4 0.19999999999999993 0.4000000000000001
0.5333333333333334 0.23333333333333325 0.23333333333333336
0.4951367322083228 0.35423902598686396 0.15062424180481315
0.39513673220832274 0.46715945460510494 0.13770381318657227
0.2715299344583439 0.5289628534800944 0.19950721206156166
0.17152993445834389 0.5160424248618535 0.31242764067980267
0.1333333333333334 0.43333333333333324 0.4333333333333334
0.1715299344583439 0.31242764067980255 0.5160424248618535
0.271529934458344 0.19950721206156163 0.5289628534800944
0.39513673220832285 0.13770381318657204 0.46715945460510505
0.4951367322083229 0.15062424180481304 0.3542390259868642
0.6000000000000001 0.19999999999999998 0.20000000000000007
0.5694549401741893 0.3225957493041559 0.10794931052165471
0.48481726579497486 0.44765134970748116 0.06753138449754405
0.3654764480680861 0.5465180702409337 0.08800548169098026
0.23877203012199047 0.5965467367034434 0.16468123317456612
0.1337304671543731 0.5862763845192388 0.27999314832638816
0.07441551535305284 0.5180598276025598 0.4075246570443874
0.07441551535305285 0.40752465704438734 0.5180598276025598
0.13373046715437312 0.27999314832638816 0.5862763845192388
0.2387720301219906 0.164681233174566 0.5965467367034434
0.36547644806808605 0.08800548169098016 0.5465180702409338
0.48481726579497497 0.06753138449754387 0.4476513497074811
0.5694549401741893 0.10794931052165456 0.32259574930415613
0.6666666666666666 0.16666666666666666 0.16666666666666669
0.6412931775037621 0.28982460259331616 0.06888221990292162
0.569035593728849 0.4196063483675069 0.011358057903643934
0.4608944774550298 0.5362538096695735 0.0028517128753965774
0.33333333333333326 0.6220084679281462 0.044658198738520505
0.20577218921163673 0.6638149537912701 0.13041285699709315
0.09763107293781752 0.6553086087630228 0.24706031829915975
0.025373489162904436 0.597784446763745 0.37684206407335047
0.0253734891629045 0.3768420640733505 0.597784446763745
0.09763107293781757 0.24706031829915964 0.6553086087630228
0.20577218921163673 0.1304128569970931 0.6638149537912701
0.3333333333333335 0.044658198738520324 0.6220084679281462
0.46089447745503015 0.002851712875396406 0.5362538096695734
0.5690355937288493 0.011358057903643767 0.419606348367507
0.6412931775037622 0.06888221990292143 0.2898246025933163
0.7333333333333335 0.13333333333333328 0.13333333333333333
0.7116602300135871 0.25664908056383795 0.03169068942257484
0.3003015951444003 0.6950761976123644 0.0046222072432352945
0.17265516347214552 0.7309056042605133 0.09643923226734129
0.062420704683036905 0.7236518863843076 0.21392740893265544
0.06242070468303692 0.21392740893265558 0.7236518863843074
0.17265516347214557 0.09643923226734129 0.7309056042605131
0.3003015951444005 0.004622207243235146 0.6950761976123644
0.7116602300135872 0.031690689422574636 0.25664908056383795
0.8 0.09999999999999995 0.09999999999999996
0.13947299393245294 0.797886897200773 0.06264010886677415
0.027731657492200235 0.7915667253892631 0.18070161711853663
0.027731657492200395 0.18070161711853644 0.7915667253892631
0.13947299393245324 0.0626401088667739 0.7978868972007729
0.8666666666666667 0.06666666666666664 0.06666666666666665
0.030365468410050174 0.864937231004912 0.10469730058503775
0.030365468410050417 0.10469730058503762 0.8649372310049119
0.9333333333333335 0.03333333333333332 0.03333333333333333
