1.0 0.0 0.0 0.0
0.0 1.0 0.0 0.0
0.0 0.0 1.0 0.0
0.0 0.0 0.0 1.0
0.06666666666666654 0.9333333333333333 0.0 0.0
0.1333333333333333 0.8666666666666667 0.0 0.0
0.19999999999999996 0.8 0.0 0.0
0.2666666666666666 0.7333333333333334 0.0 0.0
0.33333333333333326 0.6666666666666667 0.0 0.0
0.4 0.5999999999999999 0.0 0.0
0.4666666666666667 0.5333333333333332 0.0 0.0
0.5333333333333332 0.4666666666666667 0.0 0.0
0.5999999999999999 0.4 0.0 0.0
0.6666666666666665 0.33333333333333337 0.0 0.0
0.7333333333333333 0.2666666666666667 0.0 0.0
0.8 0.19999999999999996 0.0 0.0
0.8666666666666667 0.1333333333333333 0.0 0.0
0.9333333333333333 0.06666666666666654 0.0 0.0
0.0 0.06666666666666654 0.9333333333333333 0.0
0.0 0.1333333333333333 0.8666666666666667 0.0
0.0 0.19999999999999996 0.8 0.0
0.0 0.2666666666666666 0.7333333333333334 0.0
0.0 0.33333333333333315 0.6666666666666667 0.0
0.0 0.3999999999999999 0.6 0.0
0.0 0.4666666666666667 0.5333333333333332 0.0
0.0 0.5333333333333334 0.4666666666666667 0.0
0.0 0.6 0.4 0.0
0.0 0.6666666666666666 0.33333333333333337 0.0
0.0 0.7333333333333333 0.2666666666666667 0.0
0.0 0.8 0.19999999999999996 0.0
0.0 0.8666666666666667 0.1333333333333333 0.0
0.0 0.9333333333333333 0.06666666666666654 0.0
0.0 0.0 0.06666666666666654 0.9333333333333333
0.0 0.0 0.1333333333333333 0.8666666666666667
0.0 0.0 0.19999999999999996 0.8
0.0 0.0 0.2666666666666666 0.7333333333333334
0.0 0.0 0.33333333333333326 0.6666666666666667
0.0 0.0 0.3999999999999999 0.6
0.0 0.0 0.4666666666666667 0.5333333333333332
0.0 0.0 0.5333333333333332 0.4666666666666667
0.0 0.0 0.6 0.3999999999999999
0.0 0.0 0.6666666666666666 0.33333333333333326
0.0 0.0 0.7333333333333333 0.2666666666666667
0.0 0.0 0.8 0.19999999999999996
0.0 0.0 0.8666666666666667 0.1333333333333333
0.0 0.0 0.9333333333333333 0.06666666666666654
0.9333333333333333 0.0 0.0 0.06666666666666654
0.8666666666666667 0.0 0.0 0.1333333333333333
0.8 0.0 0.0 0.20000000000000007
0.7333333333333334 0.0 0.0 0.2666666666666666
0.6666666666666667 0.0 0.0 0.33333333333333337
0.6000000000000001 0.0 0.0 0.4
0.5333333333333334 0.0 0.0 0.4666666666666667
0.4666666666666667 0.0 0.0 0.5333333333333334
0.4 0.0 0.0 0.6000000000000001
0.33333333333333337 0.0 0.0 0.6666666666666666
0.2666666666666667 0.0 0.0 0.7333333333333334
0.20000000000000007 0.0 0.0 0.8
0.1333333333333333 0.0 0.0 0.8666666666666667
0.06666666666666654 0.0 0.0 0.9333333333333333
0.25 0.24999999999999997 0.24999999999999997 0.25000000000000006
0.3025 0.24749999999999997 0.20249999999999996 0.24750000000000003
0.20249999999999999 0.24749999999999997 0.30249999999999994 0.24750000000000003
0.35999999999999993 0.23999999999999996 0.16 0.24000000000000007
0.29500000000000004 0.3416025403784438 0.19499999999999992 0.16839745962155617
0.19500000000000003 0.34160254037844384 0.29499999999999993 0.16839745962155617
0.16 0.23999999999999996 0.35999999999999993 0.24000000000000007
0.19499999999999995 0.16839745962155614 0.29500000000000004 0.3416025403784439
0.29499999999999993 0.16839745962155608 0.19499999999999998 0.3416025403784439
0.4225000000000001 0.22749999999999998 0.12249999999999998 0.22750000000000006
0.3783054315296785 0.3312149054704346 0.13560033321719414 0.1548793297826927
0.27814966678280567 0.41086135981770927 0.1854445684703216 0.12554440492916327
0.18544456847032156 0.41086135981770927 0.2781496667828057 0.12554440492916327
0.13560033321719417 0.3312149054704346 0.3783054315296784 0.1548793297826927
0.12249999999999998 0.22749999999999998 0.4225 0.22750000000000006
0.1356003332171942 0.1548793297826927 0.37830543152967844 0.33121490547043475
0.18544456847032156 0.12554440492916324 0.2781496667828057 0.41086135981770944
0.2781496667828058 0.12554440492916324 0.18544456847032154 0.4108613598177094
0.3783054315296785 0.15487932978269264 0.13560033321719414 0.33121490547043475
0.48999999999999994 0.20999999999999996 0.09 0.21000000000000002
0.44981379499988833 0.32022204453950737 0.0956313847386042 0.13433277572200006
0.34942875386452976 0.42878096866043264 0.12220285517206739 0.09958742230297017
0.23526966335402252 0.4873794475166528 0.1870549912518933 0.09029589787743131
0.14913859266464882 0.4669436784639269 0.2909805474816631 0.0929371813897611
0.10511931757599273 0.3778030644379463 0.4045236168444331 0.11255400114162803
0.091229877540918 0.2624448918313832 0.4796066045113388 0.16671862611636007
0.09122987754091802 0.1667186261163601 0.4796066045113388 0.2624448918313832
0.1051193175759927 0.11255400114162802 0.4045236168444331 0.37780306443794615
0.1491385926646488 0.09293718138976106 0.29098054748166313 0.4669436784639271
0.23526966335402233 0.09029589787743125 0.1870549912518934 0.48737944751665296
0.3494287538645297 0.09958742230297009 0.12220285517206739 0.4287809686604329
0.449813794999888 0.13433277572199995 0.09563138473860425 0.3202220445395077
0.5625 0.18749999999999997 0.06249999999999999 0.18750000000000003
0.525164056951981 0.3014766842671132 0.06322429069633752 0.11013496808456837
0.4267766952966369 0.42677669529663687 0.07322330470336312 0.07322330470336315
0.3014766842671132 0.525164056951981 0.11013496808456834 0.06322429069633753
0.1875 0.5625 0.1875 0.06250000000000001
0.11013496808456834 0.5251640569519809 0.30147668426711327 0.06322429069633755
0.07322330470336313 0.4267766952966368 0.42677669529663687 0.07322330470336316
0.06322429069633752 0.3014766842671132 0.5251640569519809 0.11013496808456837
0.0625 0.18749999999999997 0.5624999999999999 0.18750000000000006
0.06322429069633752 0.11013496808456834 0.525164056951981 0.30147668426711327
0.07322330470336309 0.07322330470336309 0.4267766952966368 0.4267766952966369
0.11013496808456825 0.06322429069633753 0.3014766842671133 0.5251640569519809
0.18749999999999997 0.062499999999999986 0.18749999999999997 0.5625000000000001
0.3014766842671134 0.06322429069633753 0.11013496808456824 0.5251640569519808
0.42677669529663687 0.07322330470336308 0.07322330470336308 0.426776695296637
0.5251640569519808 0.1101349680845682 0.06322429069633752 0.30147668426711344
0.6400000000000001 0.15999999999999995 0.03999999999999997 0.16
0.6047678183558658 0.2763871949157296 0.037277473335485006 0.08156751339291954
0.5088358466615901 0.41217011996422853 0.03535154102375383 0.043642492350427727
0.3779318592179608 0.5373025316975257 0.04976296434450468 0.035002644740008686
0.24449300853365571 0.6199727173903831 0.09720171624917623 0.03833255782678489
0.1364536790520553 0.6377478652082459 0.1860012863354546 0.039797169404244055
0.06853603115779244 0.585687339442834 0.30955328594957415 0.03622334344979945
0.03938338741976778 0.4781493142944494 0.4457523303952124 0.03671496789057043
0.03538320886907168 0.3435588836801036 0.5630674595929651 0.05799044785785951
0.039215160732240406 0.214254825331163 0.6310319427738738 0.11549807116272272
0.03921516073224038 0.11549807116272268 0.6310319427738739 0.21425482533116302
0.03538320886907167 0.05799044785785947 0.563067459592965 0.34355888368010373
0.03938338741976774 0.03671496789057042 0.44575233039521245 0.47814931429444935
0.0685360311577924 0.036223343449799446 0.3095532859495742 0.5856873394428339
0.1364536790520552 0.03979716940424404 0.18600128633545476 0.6377478652082461
0.2444930085336556 0.03833255782678486 0.0972017162491762 0.6199727173903833
0.37793185921796074 0.03500264474000862 0.04976296434450464 0.5373025316975261
0.5088358466615899 0.04364249235042769 0.03535154102375383 0.41217011996422864
0.6047678183558659 0.08156751339291944 0.03727747333548498 0.2763871949157298
0.7225000000000001 0.12749999999999997 0.02249999999999999 0.12750000000000003
0.6888760985368938 0.24555283712268064 0.0172310170067456 0.048340047333679914
0.5953270755836446 0.3883359470167281 0.00644960260181766 0.009887374797809734
0.4617676891923723 0.5319459187124678 0.0033651754306727815 0.002921216664487017
0.3151748146423629 0.648591638282379 0.024384305541042314 0.011849241534215982
0.18227230412787387 0.7139753939261023 0.08265191733657429 0.021100384609449484
0.08265191733657429 0.7139753939261025 0.18227230412787382 0.021100384609449473
0.02438430554104231 0.6485916382823789 0.31517481464236285 0.011849241534215982
0.003365175430672789 0.5319459187124677 0.46176768919237243 0.0029212166644870235
0.006449602601817663 0.3883359470167282 0.5953270755836445 0.009887374797809732
0.017231017006745605 0.24555283712268064 0.6888760985368938 0.048340047333679935
0.022499999999999985 0.12749999999999997 0.7225 0.12749999999999997
0.017231017006745605 0.048340047333679935 0.6888760985368938 0.2455528371226806
0.0064496026018176595 0.009887374797809729 0.5953270755836444 0.3883359470167282
0.003365175430672751 0.002921216664486991 0.4617676891923724 0.5319459187124679
0.024384305541042303 0.011849241534215967 0.3151748146423627 0.6485916382823791
0.08265191733657426 0.02110038460944947 0.18227230412787382 0.7139753939261024
0.18227230412787376 0.021100384609449453 0.08265191733657422 0.7139753939261025
0.3151748146423627 0.011849241534215972 0.024384305541042303 0.648591638282379
0.46176768919237254 0.002921216664486965 0.0033651754306727208 0.5319459187124678
0.5953270755836446 0.009887374797809725 0.006449602601817652 0.3883359470167281
0.6888760985368938 0.048340047333679845 0.017231017006745578 0.24555283712268075
0.81 0.08999999999999997 0.009999999999999992 0.09
0.7800496910749344 0.20405330161050952 0.003296237134092778 0.012600770180463332
0.14286398131396094 0.80243424042739 0.04643463710970242 0.008267141148946727
0.046434637109702505 0.8024342404273899 0.14286398131396083 0.008267141148946736
0.0032962371340927565 0.20405330161050966 0.7800496910749344 0.012600770180463242
0.009999999999999997 0.08999999999999998 0.81 0.09000000000000001
0.003296237134092786 0.012600770180463367 0.7800496910749345 0.20405330161050944
0.04643463710970231 0.008267141148946713 0.14286398131396105 0.8024342404273899
0.14286398131396058 0.008267141148946734 0.0464346371097026 0.8024342404273901
0.7800496910749343 0.012600770180463046 0.0032962371340927114 0.20405330161051002
0.9025 0.04749999999999999 0.0024999999999999983 0.0475
0.07304957253968009 0.9006529725567635 0.024324554812804294 0.001972900090752083
0.00040358181183072783 0.10088789575948127 0.8951277432507543 0.0035807791779336397
0.0004035818118307287 0.003580779177933646 0.8951277432507544 0.10088789575948132
0.07304957253968017 0.0019729000907520765 0.024324554812804187 0.9006529725567637
