1.0 0.0 0.0 0.0 0.0
0.0 1.0 0.0 0.0 0.0
0.0 0.0 1.0 0.0 0.0
0.0 0.0 0.0 1.0 0.0
0.0 0.0 0.0 0.0 1.0
0.08333333333333337 0.9166666666666667 0.0 0.0 0.0
0.16666666666666674 0.8333333333333334 0.0 0.0 0.0
0.2500000000000001 0.75 0.0 0.0 0.0
0.33333333333333337 0.6666666666666667 0.0 0.0 0.0
0.41666666666666674 0.5833333333333333 0.0 0.0 0.0
0.5 0.5 0.0 0.0 0.0
0.5833333333333334 0.41666666666666663 0.0 0.0 0.0
0.6666666666666667 0.33333333333333337 0.0 0.0 0.0
0.75 0.2500000000000001 0.0 0.0 0.0
0.8333333333333334 0.16666666666666663 0.0 0.0 0.0
0.9166666666666666 0.08333333333333337 0.0 0.0 0.0
0.0 0.08333333333333337 0.9166666666666666 0.0 0.0
0.0 0.16666666666666674 0.8333333333333334 0.0 0.0
0.0 0.2500000000000001 0.75 0.0 0.0
0.0 0.33333333333333326 0.6666666666666667 0.0 0.0
0.0 0.41666666666666674 0.5833333333333334 0.0 0.0
0.0 0.5 0.5 0.0 0.0
0.0 0.5833333333333333 0.41666666666666663 0.0 0.0
0.0 0.6666666666666666 0.3333333333333335 0.0 0.0
0.0 0.75 0.2500000000000001 0.0 0.0
0.0 0.8333333333333334 0.16666666666666652 0.0 0.0
0.0 0.9166666666666666 0.08333333333333337 0.0 0.0
0.0 0.0 0.08333333333333337 0.9166666666666666 0.0
0.0 0.0 0.16666666666666663 0.8333333333333334 0.0
0.0 0.0 0.25 0.75 0.0
0.0 0.0 0.33333333333333326 0.6666666666666667 0.0
0.0 0.0 0.41666666666666674 0.5833333333333333 0.0
0.0 0.0 0.5 0.5 0.0
0.0 0.0 0.5833333333333334 0.41666666666666663 0.0
0.0 0.0 0.6666666666666666 0.33333333333333337 0.0
0.0 0.0 0.75 0.25 0.0
0.0 0.0 0.8333333333333334 0.16666666666666663 0.0
0.0 0.0 0.9166666666666666 0.08333333333333337 0.0
0.0 0.0 0.0 0.08333333333333337 0.9166666666666667
0.0 0.0 0.0 0.16666666666666674 0.8333333333333334
0.0 0.0 0.0 0.25 0.75
0.0 0.0 0.0 0.33333333333333337 0.6666666666666667
0.0 0.0 0.0 0.41666666666666674 0.5833333333333333
0.0 0.0 0.0 0.5 0.5
0.0 0.0 0.0 0.5833333333333333 0.41666666666666663
0.0 0.0 0.0 0.6666666666666667 0.33333333333333337
0.0 0.0 0.0 0.75 0.2500000000000001
0.0 0.0 0.0 0.8333333333333334 0.16666666666666674
0.0 0.0 0.0 0.9166666666666666 0.08333333333333337
0.9166666666666667 0.0 0.0 0.0 0.08333333333333337
0.8333333333333334 0.0 0.0 0.0 0.16666666666666674
0.75 0.0 0.0 0.0 0.2499999999999999
0.6666666666666667 0.0 0.0 0.0 0.33333333333333326
0.5833333333333333 0.0 0.0 0.0 0.41666666666666674
0.5 0.0 0.0 0.0 0.5
0.41666666666666663 0.0 0.0 0.0 0.5833333333333334
0.33333333333333337 0.0 0.0 0.0 0.6666666666666666
0.25 0.0 0.0 0.0 0.75
0.16666666666666674 0.0 0.0 0.0 0.8333333333333334
0.08333333333333337 0.0 0.0 0.0 0.9166666666666666
0.20000000000000004 0.19999999999999996 0.2 0.19999999999999996 0.19999999999999996
0.24257031318239386 0.21028125272957532 0.16843359067922775 0.16843359067922775 0.21028125272957532
0.16238118286297673 0.1857129028221395 0.2330965057463721 0.23309650574637208 0.18571290282213948
0.29070644330908785 0.21605966496363177 0.1385871133818243 0.13858711338182428 0.21605966496363174
0.23426685236330583 0.2879532045530905 0.19839823543185098 0.13333712491615501 0.14604458273559776
0.1557865562919071 0.25187601344835836 0.2799740124793274 0.18214329564938253 0.13022012213102474
0.1291867393804866 0.167846412168297 0.26756021814145975 0.2675602181414596 0.167846412168297
0.15578655629190702 0.1302201221310247 0.18214329564938264 0.2799740124793274 0.25187601344835825
0.2342668523633058 0.1460445827355978 0.13333712491615513 0.19839823543185095 0.28795320455309037
0.34512871850788085 0.2167524790052539 0.11068316174080577 0.11068316174080571 0.21675247900525382
0.30325057611017064 0.3032505761101706 0.1467685217105594 0.09996180435854021 0.14676852171055932
0.21675247900525388 0.3451287185078807 0.21675247900525388 0.11068316174080571 0.11068316174080572
0.1467685217105594 0.30325057611017053 0.3032505761101706 0.14676852171055932 0.09996180435854023
0.11068316174080575 0.21675247900525385 0.34512871850788085 0.21675247900525382 0.11068316174080572
0.09996180435854024 0.14676852171055935 0.30325057611017053 0.3032505761101705 0.14676852171055932
0.11068316174080575 0.11068316174080574 0.21675247900525393 0.34512871850788085 0.21675247900525382
0.1467685217105594 0.09996180435854024 0.14676852171055937 0.3032505761101705 0.3032505761101705
0.2167524790052539 0.11068316174080572 0.11068316174080575 0.21675247900525382 0.34512871850788074
0.30325057611017053 0.14676852171055932 0.09996180435854024 0.14676852171055932 0.3032505761101705
0.4066873708001011 0.2116718427000253 0.0849844718999243 0.08498447189992425 0.21167184270002515
0.3654252056904854 0.3112604750049883 0.11057203148331456 0.07487598991776785 0.13786629790344368
0.2705210286282097 0.3911861715698259 0.1629656976798419 0.07738167264406541 0.09794542947805703
0.17776890918525026 0.39970480713112555 0.25020757526148973 0.09292834127471986 0.07939036714741458
0.11842785587554593 0.3307446926156965 0.34896756458337647 0.12748537902542484 0.07437450789995616
0.0886350288618484 0.2304804622280852 0.40492756432570903 0.1940404447227315 0.08191649986162586
0.07587828635860998 0.14967106001395167 0.3796405872208398 0.2910226799607945 0.103787386445804
0.07587828635860999 0.10378738644580406 0.29102267996079473 0.37964058722083965 0.14967106001395167
0.0886350288618484 0.08191649986162589 0.19404044472273163 0.4049275643257089 0.2304804622280851
0.1184278558755459 0.07437450789995619 0.12748537902542495 0.34896756458337647 0.3307446926156964
0.17776890918525015 0.0793903671474146 0.09292834127471993 0.2502075752614898 0.39970480713112555
0.2705210286282096 0.09794542947805705 0.07738167264406548 0.1629656976798419 0.3911861715698259
0.3654252056904853 0.1378662979034436 0.0748759899177679 0.1105720314833146 0.31126047500498844
0.4763932022500211 0.19999999999999996 0.06180339887498948 0.06180339887498945 0.19999999999999996
0.43481980057894404 0.3094104072264751 0.07859243858982394 0.053362691856242886 0.1238146617485139
0.3327591428774734 0.41781996062127147 0.11327098870534609 0.052550907893398016 0.08359899990251113
0.21986302131548954 0.47464848789814457 0.1815813755415721 0.059553413024407274 0.0643537022203865
0.13585701736362868 0.44930456470799945 0.28608512756435045 0.07427232902657774 0.05448096133744348
0.08942510270909228 0.35571464412922466 0.39868719645933526 0.10411499243861186 0.05205806426373603
0.06724085712252668 0.24099640163406644 0.4694562953284576 0.1647218080727983 0.057584637842150996
0.05589207539647412 0.14947878608960546 0.46094094016357323 0.26316695192643347 0.07052124642391372
0.05189276302272154 0.09621447395455693 0.3778391445340823 0.3778391445340822 0.0962144739545569
0.055892075396474124 0.07052124642391375 0.2631669519264336 0.4609409401635731 0.14947878608960546
0.06724085712252667 0.057584637842151 0.1647218080727984 0.46945629532845756 0.24099640163406633
0.08942510270909224 0.05205806426373604 0.10411499243861193 0.3986871964593353 0.35571464412922443
0.13585701736362876 0.05448096133744352 0.0742723290265778 0.28608512756435045 0.44930456470799957
0.21986302131548974 0.06435370222038657 0.059553413024407295 0.181581375541572 0.47464848789814457
0.33275914287747344 0.08359899990251114 0.05255090789339804 0.11327098870534605 0.41781996062127147
0.43481980057894404 0.12381466174851384 0.05336269185624291 0.07859243858982393 0.3094104072264752
0.5554573687454685 0.18075710520908858 0.04151421041817721 0.04151421041817719 0.18075710520908853
0.5128945648310458 0.2980845887205168 0.05097523012302136 0.03482545062151994 0.10322016570389621
0.4038050066812975 0.42899714847033904 0.0700259915469965 0.03243519218524924 0.06473666111611781
0.27230279449796985 0.5278316721895271 0.11523987391913691 0.03592252774699519 0.04870313164637093
0.16172737042682422 0.553689710278274 0.20147364071266094 0.04313123655552741 0.039978042026713456
0.09281616703161193 0.49520775424222313 0.324480273761399 0.05359320162290356 0.03390260334186248
0.0603362990042386 0.37772113799575974 0.45289132070171884 0.07636415127422239 0.03268709102406036
0.04668348897491233 0.24743943654428155 0.5397467604481712 0.12896585687690862 0.03716445715572642
0.0385236947438626 0.14445546008080062 0.5484199396724172 0.22375735741140404 0.044843548091515625
0.03318192943550351 0.08391022228796538 0.4750886538788062 0.35114913052276425 0.05667006387496063
0.033181929435503486 0.05667006387496061 0.35114913052276436 0.4750886538788061 0.08391022228796534
0.038523694743862594 0.04484354809151561 0.22375735741140412 0.5484199396724171 0.14445546008080062
0.0466834889749123 0.037164457155726444 0.12896585687690879 0.5397467604481712 0.24743943654428135
0.0603362990042386 0.032687091024060394 0.0763641512742225 0.45289132070171884 0.3777211379957596
0.09281616703161188 0.03390260334186248 0.05359320162290358 0.324480273761399 0.495207754242223
0.16172737042682414 0.03997804202671345 0.04313123655552744 0.20147364071266094 0.5536897102782739
0.27230279449796974 0.048703131646370905 0.03592252774699519 0.11523987391913691 0.5278316721895274
0.4038050066812974 0.06473666111611781 0.03243519218524926 0.0700259915469965 0.42899714847033904
0.5128945648310457 0.10322016570389621 0.03482545062151995 0.050975230123021326 0.29808458872051685
0.645343608953289 0.15275896887048887 0.024569226652866673 0.024569226652866663 0.15275896887048884
0.6012521255908151 0.27673598133686056 0.0279838023570355 0.019266025694309723 0.07476206502097907
0.4847823286405931 0.4263896198469832 0.03360088611486583 0.015696248378099086 0.03953091701945872
0.33544959485164916 0.5614935907235179 0.0563561177758225 0.017348662873722213 0.029352033775288135
0.1974129053576401 0.6380994544312544 0.11574524142007243 0.02256490793390681 0.026177490857126184
0.10018079290128154 0.6291469512354014 0.2223739383082164 0.02683121625064366 0.021467101304457063
0.049465712947624814 0.5378647901910937 0.3657178619688386 0.030350014884627498 0.0166016200078154
0.03171906597097754 0.39615097112626996 0.5121749103318307 0.04391269100458419 0.01604236156633758
0.027417233764044653 0.2488838697815985 0.6168029551649615 0.08654270215991762 0.020353239129477757
0.023608876806242598 0.1332716683876137 0.6435256851425235 0.17416662941222877 0.025427140251391436
0.018250014813452915 0.06474077606931239 0.582725090990113 0.30568486433173087 0.02859925379539069
0.01557908775806822 0.036150135271882995 0.4560603208490829 0.4560603208490828 0.03615013527188299
0.018250014813452908 0.028599253795390692 0.30568486433173103 0.582725090990113 0.06474077606931233
0.02360887680624259 0.025427140251391443 0.17416662941222885 0.6435256851425235 0.13327166838761367
0.027417233764044622 0.020353239129477736 0.08654270215991756 0.6168029551649616 0.2488838697815985
0.031719065970977546 0.016042361566337583 0.04391269100458419 0.5121749103318306 0.39615097112627007
0.049465712947624835 0.01660162000781542 0.030350014884627536 0.36571786196883865 0.5378647901910935
0.10018079290128153 0.02146710130445706 0.026831216250643667 0.2223739383082163 0.6291469512354013
0.19741290535764008 0.026177490857126187 0.022564907933906836 0.11574524142007248 0.6380994544312545
0.33544959485164944 0.029352033775288118 0.017348662873722196 0.05635611777582239 0.5614935907235179
0.4847823286405933 0.03953091701945873 0.015696248378099093 0.0336008861148658 0.42638961984698315
0.6012521255908152 0.07476206502097907 0.019266025694309716 0.02798380235703547 0.2767359813368605
0.7478377102315862 0.11456085866315524 0.011520286221051742 0.011520286221051734 0.11456085866315517
0.7051389075911205 0.23842569461128907 0.01023563760197664 0.0072079664215386 0.03899179377407516
0.5889076062118073 0.39689265416545033 0.004554321885974386 0.002223040613122149 0.007422377123646033
0.4302658632791686 0.5593515210227581 0.005066448096760575 0.0016549891226632122 0.003661178478649298
0.2681215544894339 0.6869993505762568 0.029561843953054324 0.006065547508032697 0.009251703473222132
0.1356318415257725 0.7460897565161824 0.09548253386355313 0.011001153980296559 0.011794714114195545
0.05022137619509147 0.7202723666052343 0.2101715514335807 0.011011140800222743 0.008323564965870809
0.01089723944171433 0.6167414366911436 0.3637074212038708 0.005669672871254399 0.002984229792016872
0.003120415305238216 0.46351901325025935 0.5283864184935617 0.003669908899950011 0.0013042440509907162
0.008113053119192642 0.2990572822882829 0.6660590223841764 0.02182236702590024 0.004948275182448012
0.011804254969269713 0.1586483720454365 0.7408661186821676 0.07841320708667067 0.010268047216455602
0.009360265585611798 0.06333975565751265 0.732227147133069 0.18353177401574605 0.01154105760806049
0.003905937713366589 0.01564734889757023 0.6425527938150555 0.33100382060755573 0.006890098966452012
0.0011856589148394824 0.003073304263385803 0.4963338662791946 0.49633386627919446 0.0030733042633858017
0.003905937713366582 0.006890098966452007 0.33100382060755607 0.642552793815055 0.015647348897570183
0.009360265585611791 0.011541057608060486 0.1835317740157461 0.732227147133069 0.06333975565751263
0.011804254969269717 0.010268047216455613 0.07841320708667088 0.7408661186821676 0.1586483720454363
0.008113053119192642 0.0049482751824480135 0.021822367025900253 0.6660590223841762 0.2990572822882828
0.0031204153052382146 0.0013042440509907162 0.0036699088999500146 0.5283864184935617 0.4635190132502593
0.010897239441714264 0.0029842297920168563 0.005669672871254376 0.36370742120387106 0.6167414366911433
0.050221376195091295 0.008323564965870793 0.011011140800222736 0.21017155143358107 0.7202723666052341
0.1356318415257725 0.011794714114195543 0.011001153980296559 0.09548253386355308 0.7460897565161824
0.2681215544894338 0.00925170347322213 0.006065547508032698 0.02956184395305433 0.6869993505762569
0.4302658632791684 0.0036611784786492957 0.0016549891226632133 0.005066448096760578 0.5593515210227584
0.5889076062118069 0.007422377123645988 0.0022230406131221385 0.004554321885974363 0.3968926541654506
0.7051389075911204 0.03899179377407493 0.007207966421538572 0.010235637601976605 0.23842569461128946
0.8651412345668578 0.06438167352584097 0.0030477091907301227 0.003047709190730122 0.06438167352584095
0.16358842398303247 0.8359209386523956 0.00039251243410884905 4.2374733267163695e-05 5.5750197195850096e-05
0.04506315719459961 0.8632924009066869 0.08593602844137788 0.002951578286076163 0.0027568351712595244
0.0014721079043302121 0.13561087720349013 0.8486103748569036 0.013107737780568188 0.00119890225470785
0.002123162470012803 0.027980694415481414 0.8577640465951905 0.109698063675864 0.0024340328434513405
0.002123162470012811 0.0024340328434513474 0.10969806367586377 0.8577640465951905 0.027980694415481573
0.0014721079043301909 0.0011989022547078318 0.013107737780567973 0.8486103748569036 0.1356108772034904
0.045063157194599864 0.0027568351712595356 0.0029515782860761743 0.08593602844137764 0.8632924009066868
0.16358842398303286 5.575019719583315e-05 4.237473326715079e-05 0.00039251243410872854 0.8359209386523955
