1.0 0.0 0.0 0.0 0.0 0.0
0.0 1.0 0.0 0.0 0.0 0.0
0.0 0.0 1.0 0.0 0.0 0.0
0.0 0.0 0.0 1.0 0.0 0.0
0.0 0.0 0.0 0.0 1.0 0.0
0.0 0.0 0.0 0.0 0.0 1.0
0.09999999999999998 0.9 0.0 0.0 0.0 0.0
0.19999999999999996 0.8 0.0 0.0 0.0 0.0
0.30000000000000004 0.7 0.0 0.0 0.0 0.0
0.4 0.6000000000000001 0.0 0.0 0.0 0.0
0.4999999999999999 0.5 0.0 0.0 0.0 0.0
0.6000000000000001 0.4 0.0 0.0 0.0 0.0
0.7 0.30000000000000004 0.0 0.0 0.0 0.0
0.8 0.19999999999999996 0.0 0.0 0.0 0.0
0.9 0.09999999999999998 0.0 0.0 0.0 0.0
0.0 0.09999999999999998 0.9 0.0 0.0 0.0
0.0 0.19999999999999996 0.8 0.0 0.0 0.0
0.0 0.30000000000000004 0.7 0.0 0.0 0.0
0.0 0.4 0.5999999999999999 0.0 0.0 0.0
0.0 0.5 0.5 0.0 0.0 0.0
0.0 0.5999999999999999 0.4 0.0 0.0 0.0
0.0 0.7 0.30000000000000004 0.0 0.0 0.0
0.0 0.8 0.19999999999999996 0.0 0.0 0.0
0.0 0.9 0.09999999999999998 0.0 0.0 0.0
0.0 0.0 0.09999999999999998 0.9 0.0 0.0
0.0 0.0 0.19999999999999996 0.8 0.0 0.0
0.0 0.0 0.30000000000000004 0.7 0.0 0.0
0.0 0.0 0.3999999999999999 0.6 0.0 0.0
0.0 0.0 0.5 0.5 0.0 0.0
0.0 0.0 0.5999999999999999 0.4 0.0 0.0
0.0 0.0 0.7 0.30000000000000004 0.0 0.0
0.0 0.0 0.8 0.19999999999999996 0.0 0.0
0.0 0.0 0.9 0.09999999999999998 0.0 0.0
0.0 0.0 0.0 0.09999999999999998 0.9 0.0
0.0 0.0 0.0 0.19999999999999996 0.8 0.0
0.0 0.0 0.0 0.30000000000000016 0.7 0.0
0.0 0.0 0.0 0.4 0.6 0.0
0.0 0.0 0.0 0.5 0.5 0.0
0.0 0.0 0.0 0.6 0.4 0.0
0.0 0.0 0.0 0.7 0.30000000000000004 0.0
0.0 0.0 0.0 0.8 0.19999999999999996 0.0
0.0 0.0 0.0 0.9 0.09999999999999998 0.0
0.0 0.0 0.0 0.0 0.09999999999999998 0.9
0.0 0.0 0.0 0.0 0.19999999999999996 0.8
0.0 0.0 0.0 0.0 0.30000000000000004 0.7
0.0 0.0 0.0 0.0 0.4 0.6
0.0 0.0 0.0 0.0 0.5 0.5
0.0 0.0 0.0 0.0 0.6 0.4
0.0 0.0 0.0 0.0 0.7 0.30000000000000004
0.0 0.0 0.0 0.0 0.8 0.19999999999999996
0.0 0.0 0.0 0.0 0.9 0.09999999999999998
0.9 0.0 0.0 0.0 0.0 0.09999999999999998
0.8 0.0 0.0 0.0 0.0 0.19999999999999996
0.7 0.0 0.0 0.0 0.0 0.30000000000000004
0.6 0.0 0.0 0.0 0.0 0.4
0.5 0.0 0.0 0.0 0.0 0.5
0.40000000000000013 0.0 0.0 0.0 0.0 0.5999999999999999
0.30000000000000004 0.0 0.0 0.0 0.0 0.7
0.19999999999999996 0.0 0.0 0.0 0.0 0.8
0.09999999999999987 0.0 0.0 0.0 0.0 0.9
0.1666666666666667 0.16666666666666669 0.16666666666666669 0.1666666666666666 0.16666666666666657 0.16666666666666669
0.20234113712374585 0.18210702341137125 0.14899665551839467 0.13545150501672235 0.14899665551839458 0.18210702341137122
0.1354515050167224 0.14899665551839467 0.18210702341137122 0.20234113712374577 0.1821070234113712 0.14899665551839467
0.24324324324324328 0.1945945945945946 0.12972972972972974 0.10810810810810807 0.12972972972972968 0.1945945945945946
0.1945945945945947 0.24324324324324323 0.19459459459459452 0.12972972972972968 0.10810810810810803 0.12972972972972974
0.12972972972972976 0.19459459459459463 0.24324324324324323 0.19459459459459455 0.12972972972972963 0.10810810810810811
0.10810810810810816 0.12972972972972974 0.19459459459459455 0.24324324324324317 0.19459459459459455 0.1297297297297298
0.1297297297297298 0.10810810810810813 0.12972972972972974 0.19459459459459452 0.24324324324324315 0.19459459459459463
0.1945945945945946 0.12972972972972974 0.10810810810810814 0.12972972972972976 0.19459459459459458 0.24324324324324328
0.2903780068728523 0.2032646048109966 0.10945017182130584 0.08419243986254292 0.10945017182130576 0.2032646048109965
0.25263834415338743 0.27253416644063205 0.15658085827148557 0.09274639060442841 0.08791362958608114 0.13758661094398547
0.17873127262581212 0.2857439377509666 0.22865219535438988 0.12193210258200786 0.08511018877302015 0.09983030291380343
0.12193210258200787 0.2286521953543899 0.2857439377509666 0.17873127262581207 0.09983030291380338 0.08511018877302017
0.09274639060442848 0.15658085827148563 0.27253416644063194 0.2526383441533873 0.13758661094398547 0.08791362958608122
0.08419243986254299 0.10945017182130586 0.20326460481099656 0.29037800687285226 0.2032646048109966 0.10945017182130588
0.09274639060442844 0.08791362958608118 0.1375866109439855 0.2526383441533873 0.2725341664406319 0.1565808582714856
0.12193210258200791 0.08511018877302017 0.09983030291380345 0.178731272625812 0.2857439377509664 0.22865219535438994
0.17873127262581215 0.09983030291380342 0.08511018877302018 0.12193210258200783 0.22865219535438974 0.2857439377509667
0.25263834415338743 0.13758661094398544 0.08791362958608115 0.09274639060442838 0.15658085827148546 0.272534166440632
0.3450704225352114 0.20704225352112682 0.08873239436619718 0.06338028169014084 0.08873239436619715 0.20704225352112676
0.3060445615130073 0.29349156872785614 0.12675333242249842 0.06811207496878485 0.06991842561954383 0.13568003674830945
0.22140215752379697 0.34389483698708534 0.19321149466349055 0.08450514438498814 0.06350596882846331 0.09348039761217548
0.14546653004897475 0.3172779698808298 0.279919653030539 0.11865081267824118 0.06662272087445731 0.07206231348695805
0.09879465562628774 0.23610762132557225 0.34040113607566375 0.18005333310011754 0.08075814690431803 0.06388510696804067
0.07456639926094433 0.15613161519215257 0.3269093235809369 0.26563495938572756 0.11132573623938426 0.06543196634085441
0.06452381809271678 0.10472526839833249 0.25093697384919367 0.3346868679704034 0.16767136021198023 0.0774557114773734
0.06452381809271678 0.0774557114773734 0.1676713602119803 0.33468686797040337 0.25093697384919356 0.10472526839833246
0.07456639926094433 0.06543196634085442 0.11132573623938433 0.26563495938572756 0.3269093235809368 0.15613161519215257
0.09879465562628778 0.06388510696804069 0.08075814690431805 0.1800533331001175 0.34040113607566364 0.2361076213255724
0.14546653004897472 0.072062313486958 0.06662272087445732 0.11865081267824122 0.27991965303053895 0.31727796988082974
0.22140215752379708 0.09348039761217548 0.06350596882846334 0.08450514438498814 0.19321149466349047 0.34389483698708545
0.3060445615130073 0.1356800367483094 0.06991842561954385 0.06811207496878485 0.12675333242249837 0.29349156872785626
0.40909090909090917 0.20454545454545459 0.06818181818181819 0.04545454545454544 0.06818181818181811 0.2045454545454545
0.3675141558263284 0.30593947600657706 0.09679571542121969 0.04795784400847253 0.05308483022359226 0.1287079785138099
0.27127880523028497 0.389930125023333 0.1500526060671844 0.05700402305254331 0.046527371375869424 0.0852070692507849
0.17537973074176166 0.4041943370054854 0.2369093779756703 0.07581493609010405 0.04571636707750958 0.06198525110946904
0.11111111111111109 0.33878201174185085 0.33878201174185085 0.11111111111111112 0.050106877147037994 0.05010687714703799
0.07581493609010408 0.23690937797567024 0.4041943370054854 0.17537973074176164 0.06198525110946904 0.04571636707750962
0.057004023052543304 0.15005260606718437 0.38993012502333313 0.27127880523028497 0.0852070692507849 0.04652737137586944
0.04795784400847254 0.09679571542121969 0.30593947600657706 0.3675141558263284 0.12870797851380994 0.053084830223592325
0.04545454545454547 0.0681818181818182 0.2045454545454546 0.409090909090909 0.20454545454545453 0.0681818181818182
0.04795784400847256 0.053084830223592325 0.12870797851380994 0.3675141558263283 0.305939476006577 0.09679571542121974
0.05700402305254333 0.04652737137586945 0.08520706925078494 0.2712788052302849 0.389930125023333 0.15005260606718446
0.07581493609010406 0.04571636707750961 0.061985251109469085 0.17537973074176166 0.40419433700548524 0.2369093779756703
0.1111111111111112 0.05010687714703802 0.050106877147037994 0.11111111111111109 0.33878201174185074 0.33878201174185096
0.17537973074176183 0.061985251109469064 0.045716367077509604 0.07581493609010401 0.23690937797567 0.40419433700548546
0.27127880523028514 0.0852070692507849 0.04652737137586942 0.05700402305254326 0.1500526060671842 0.3899301250233331
0.36751415582632846 0.12870797851380983 0.0530848302235923 0.04795784400847254 0.09679571542121966 0.3059394760065773
0.48484848484848503 0.19393939393939397 0.048484848484848464 0.03030303030303028 0.04848484848484842 0.19393939393939386
0.43952153823386514 0.3090599719760478 0.06797790164963913 0.03136110565602425 0.03725086396287617 0.11482861852154753
0.3297201599499518 0.424323430138384 0.10559870703432227 0.03597461571792 0.031815143725937474 0.07256794343348455
0.2111345724282291 0.4835221527403605 0.17783511858466275 0.04615683481940682 0.030328020526885397 0.0510233009004555
0.1251207724462377 0.4528548773916443 0.28846023469602516 0.06386920876950393 0.031005046088358246 0.03868986060823055
0.07771580261272007 0.3501774350892007 0.4075129471283809 0.09735742332124582 0.03485642647950991 0.0323799653689426
0.053795375777314004 0.22932682958463563 0.47956691138678714 0.1628835142730126 0.0440227598841327 0.030404609094117994
0.040295433238860486 0.13653553379254346 0.4640969712619028 0.26816403410389905 0.06017363717712344 0.030734390425670704
0.03306789274484187 0.0835046180869851 0.37015358825348105 0.389361721162292 0.09002202709939539 0.033890152653004595
0.030537543477070696 0.05683216705000386 0.24838961963564674 0.4730533603585135 0.1491158936067516 0.04207141587201348
0.030537543477070692 0.04207141587201346 0.14911589360675162 0.47305336035851364 0.24838961963564676 0.05683216705000388
0.033067892744841905 0.0338901526530046 0.0900220270993954 0.3893617211622919 0.37015358825348105 0.08350461808698519
0.04029543323886049 0.030734390425670714 0.06017363717712351 0.26816403410389916 0.4640969712619026 0.13653553379254346
0.05379537577731405 0.03040460909411802 0.04402275988413275 0.16288351427301265 0.47956691138678686 0.22932682958463566
0.07771580261272013 0.032379965368942616 0.03485642647950992 0.09735742332124582 0.4075129471283807 0.35017743508920085
0.12512077244623782 0.03868986060823057 0.03100504608835826 0.06386920876950393 0.288460234696025 0.4528548773916445
0.21113457242822917 0.051023300900455475 0.03032802052688539 0.04615683481940679 0.1778351185846626 0.48352215274036053
0.3297201599499519 0.07256794343348452 0.03181514372593749 0.035974615717919996 0.10559870703432214 0.4243234301383839
0.43952153823386525 0.1148286185215475 0.03725086396287619 0.031361105656024235 0.067977901649639 0.30905997197604773
0.5756972111553785 0.17270916334661354 0.03047808764940238 0.017928286852589622 0.03047808764940234 0.17270916334661343
0.5253377918133854 0.30081469789928506 0.04141970705286073 0.017915112826956382 0.0227314380832491 0.0917812523242633
0.39916566331799364 0.4463948760780026 0.06274673511206019 0.019545884391924943 0.01863979697722234 0.05350704412279631
0.25394028103246696 0.5527518890417944 0.11322117393902638 0.02497870127661817 0.01787840090058031 0.037229553809513836
0.14011093295419808 0.5698743339614338 0.2108623089106693 0.03366256963559466 0.0179087940117173 0.027581060526386987
0.07521599636699998 0.4892130752888809 0.3498866743147476 0.04664765071321116 0.018129461007636096 0.020907142308524293
0.04664765071321115 0.3498866743147475 0.48921307528888097 0.07521599636699995 0.020907142308524276 0.018129461007636093
0.03366256963559464 0.21086230891066923 0.5698743339614337 0.140110932954198 0.027581060526386966 0.017908794011717296
0.024978701276618165 0.11322117393902632 0.5527518890417944 0.2539402810324671 0.037229553809513836 0.01787840090058031
0.019545884391924947 0.06274673511206019 0.4463948760780026 0.3991656633179936 0.0535070441227963 0.01863979697722235
0.017915112826956386 0.04141970705286072 0.30081469789928506 0.5253377918133854 0.09178125232426339 0.022731438083249126
0.017928286852589636 0.030478087649402383 0.17270916334661357 0.5756972111553784 0.17270916334661354 0.0304780876494024
0.01791511282695639 0.022731438083249126 0.0917812523242634 0.5253377918133852 0.300814697899285 0.041419707052860744
0.01954588439192496 0.018639796977222355 0.053507044122796346 0.3991656633179935 0.4463948760780026 0.06274673511206026
0.024978701276618175 0.017878400900580314 0.03722955380951383 0.25394028103246685 0.5527518890417944 0.11322117393902645
0.033662569635594684 0.01790879401171731 0.027581060526386984 0.1401109329541979 0.5698743339614336 0.21086230891066954
0.0466476507132112 0.01812946100763611 0.0209071423085243 0.07521599636699998 0.48921307528888064 0.3498866743147478
0.07521599636700006 0.020907142308524296 0.018129461007636103 0.04664765071321114 0.34988667431474735 0.4892130752888811
0.1401109329541982 0.027581060526386997 0.017908794011717306 0.03366256963559466 0.2108623089106691 0.5698743339614339
0.25394028103246735 0.037229553809513816 0.017878400900580294 0.024978701276618127 0.11322117393902607 0.5527518890417944
0.39916566331799397 0.053507044122796325 0.018639796977222338 0.019545884391924926 0.06274673511206005 0.4463948760780024
0.5253377918133856 0.09178125232426332 0.022731438083249112 0.017915112826956375 0.041419707052860674 0.300814697899285
0.686440677966102 0.13728813559322034 0.015254237288135587 0.008474576271186435 0.015254237288135573 0.13728813559322026
0.6336758302143983 0.27153851952563324 0.018368229626614 0.007581012597452108 0.01034471264356545 0.05849169539233683
0.49641291975639784 0.44037427685692326 0.022697625887257232 0.006736152320243741 0.007039784988008146 0.02673924019116975
0.325932612344266 0.5951706302715272 0.04370247129184379 0.008887656914693412 0.0071237509713682565 0.01918287820630137
0.17623001351022843 0.6803906672510938 0.10476821542407876 0.013692151559300944 0.008356766607159399 0.01656218564813874
0.07863004606930447 0.6625246849967057 0.2212390975478761 0.01757339589928643 0.008031922003817948 0.012000853483009255
0.03342799567222414 0.5487413073724778 0.38284265699625036 0.020429252690226496 0.00679811760026357 0.0077606696685576715
0.0204292526902265 0.3828426569962503 0.5487413073724778 0.03342799567222416 0.007760669668557674 0.0067981176002635734
0.017573395899286425 0.22123909754787616 0.6625246849967057 0.07863004606930445 0.01200085348300925 0.008031922003817945
0.013692151559300945 0.10476821542407873 0.6803906672510938 0.1762300135102285 0.016562185648138744 0.008356766607159404
0.008887656914693403 0.04370247129184375 0.5951706302715274 0.32593261234426596 0.019182878206301344 0.007123750971368253
0.006736152320243742 0.022697625887257225 0.44037427685692315 0.49641291975639795 0.02673924019116976 0.007039784988008152
0.007581012597452097 0.018368229626613972 0.2715385195256333 0.6336758302143983 0.058491695392336736 0.010344712643565443
0.00847457627118644 0.015254237288135589 0.13728813559322037 0.6864406779661018 0.13728813559322034 0.015254237288135599
0.00758101259745211 0.010344712643565464 0.05849169539233689 0.6336758302143984 0.2715385195256331 0.018368229626614
0.006736152320243755 0.007039784988008163 0.026739240191169817 0.4964129197563977 0.4403742768569232 0.02269762588725729
0.008887656914693422 0.007123750971368269 0.0191828782063014 0.325932612344266 0.595170630271527 0.04370247129184384
0.013692151559300968 0.008356766607159413 0.016562185648138758 0.17623001351022832 0.6803906672510935 0.10476821542407896
0.01757339589928645 0.008031922003817953 0.012000853483009256 0.07863004606930443 0.6625246849967056 0.22123909754787635
0.02042925269022651 0.006798117600263574 0.007760669668557679 0.03342799567222418 0.5487413073724776 0.3828426569962503
0.03342799567222415 0.007760669668557674 0.006798117600263579 0.020429252690226524 0.3828426569962503 0.5487413073724777
0.07863004606930464 0.012000853483009265 0.008031922003817955 0.017573395899286436 0.2212390975478757 0.662524684996706
0.1762300135102286 0.01656218564813873 0.008356766607159396 0.01369215155930093 0.10476821542407856 0.6803906672510938
0.3259326123442661 0.019182878206301334 0.00712375097136825 0.008887656914693398 0.043702471291843695 0.5951706302715273
0.4964129197563978 0.026739240191169692 0.007039784988008137 0.006736152320243731 0.02269762588725719 0.44037427685692343
0.6336758302143983 0.05849169539233657 0.010344712643565424 0.007581012597452085 0.01836822962661394 0.2715385195256336
0.8242009132420092 0.08242009132420088 0.004337899543378992 0.002283105022831048 0.004337899543378988 0.08242009132420085
0.763111077057944 0.22870197890217242 0.0012086422641331288 0.0004715153520095381 0.0006811230977466037 0.005825663325994135
0.1997553463579515 0.7813757390265298 0.014039887728727714 0.0014754419808405167 0.0009769661753424438 0.0023766187306081617
0.06486542109415712 0.8224522638166519 0.10198271406340396 0.004437273193469728 0.002226490063658979 0.004035837768658433
0.0032850644202289197 0.1725070607483676 0.796580465524327 0.023960809697198045 0.0022451919459136093 0.001421407663964828
0.0035626892118701355 0.04930144250750005 0.8172243145664593 0.12354543524432145 0.004307235999137809 0.0020588824707112115
0.0017869183645474894 0.003927390912060814 0.14707403617908604 0.8085708073580044 0.03568737340510481 0.002953473781196475
0.0017869183645474922 0.0029534737811964793 0.035687373405104854 0.8085708073580042 0.14707403617908618 0.003927390912060824
0.00356268921187015 0.0020588824707112184 0.004307235999137825 0.12354543524432131 0.8172243145664593 0.049301442507500313
0.0032850644202289192 0.0014214076639648267 0.002245191945913608 0.023960809697197945 0.7965804655243266 0.1725070607483682
0.06486542109415762 0.004035837768658445 0.0022264900636589833 0.004437273193469731 0.10198271406340331 0.8224522638166518
0.1997553463579523 0.0023766187306081144 0.0009769661753424239 0.0014754419808404844 0.01403988772872735 0.7813757390265293
0.7631110770579442 0.005825663325993968 0.0006811230977465845 0.0004715153520095243 0.0012086422641330928 0.22870197890217248
